e100248,e100505,e100225,e100304,e100452,e100624,e100199,e100523,e100191,e100455,e101134,e100210,e101246,e100364,
e100750,e101123,e100685,e100535,e100446,e100568,e100213,e101336,e101114,e101587,e100370,e101002,e100884,e101536,
e100255,e100205,e101484,e101121,e101624,e101597,e101007,e100891,e101468,e100444,e100890,e100643,e101502,e100577,
e101519,e101376,e101549,e100587,e101544,e100616,e101014,e100640,e101574,e100916,e101566,e100824,e100926,e100588,
e100953,e100986,e101571,e101501,e100335,e100330,e100897,e100843,e101577,e101374,e100917,e101348,e100316,e101417,
e100281,e101162,e100838,e100551,e100525,e100875,e100691,e101540,e101359,e100870,e100486,e101170,e101176,e100793,
e101369,e101285,e100701,e100593,e101398,e101321,e101024,e100942,e101555,e101560,e101276,e101629,e101505,e101503,
e101540,e101359,e100870,e100486,e101170,e101201,e100902,e100350,e100166,e100338,e101093,e100464,e100494,e100399,
e100889,e100842,e100481,e100093,


kopyacılar<-c(100002, 100003, 100004, 100005, 100011, 100103, 100104, 100141, 100149, 100191, 100219, 
				100226, 100248, 100251, 100271, 100292, 100415, 100452, 100453, 100478, 
				100494, 100498, 100505, 100524, 100623, 100624, 100639, 100645, 100687, 
				100892, 100903, 100919, 100921, 100923, 100983, 101176, 101267, 101307, 
				101356, 101358, 101413, 101426, 101432, 101450, 101585, 101620)
				
				


M4<-c(100248,100505,100225,100304,100452,100624,100199,100523,100191,100455,101134,100210,101246,100364,
100750,101123,100685,100535,100446,100568,100213,101336,101114,101587,100370,101002,100884,101536,
100255,100205,101484,101121,101624,101597,101007,100891,101468,100444,100890,100643,101502,100577,
101519,101376,101549,100587,101544,100616,101014,100640,101574,100916,101566,100824,100926,100588,
100953,100986,101571,101501,100335,100330,100897,100843,101577,101374,100917,101348,100316,101417,
100281,101162,100838,100551,100525,100875,100691,101540,101359,100870,100486,101170,101176,100793,
101369,101285,100701,100593,101398,101321,101024,100942,101555,101560,101276,101629,101505,101503,
101540,101359,100870,100486,101170,101201,100902,100350,100166,100338,101093,100464,100494,100399,
100889,100842,100481,100093)